12.984684,14.715381,19.587648,19.686986
9.654445,19.64214,17.702952,18.718617
19.840489,15.775196,14.728552,14.902712
7.759734,9.705137,5.889651,17.876612
8.565401,13.468906,12.78903,10.986445
18.800171,19.860424,13.926687,13.629425
10.919949,16.267561,11.80343,18.895515
15.767867,8.706255,17.869124,16.604871
14.780628,11.779967,6.95523,8.850413
12.844446,6.885032,8.941201,15.930722

12.984684 14.715381 19.587648 19.686986
9.654445 19.64214 17.702952 18.718617
19.840489 15.775196 14.728552 14.902712
7.759734 9.705137 5.889651 17.876612
8.565401 13.468906 12.78903 10.986445
18.800171 19.860424 13.926687 13.629425
10.919949 16.267561 11.80343 18.895515
15.767867 8.706255 17.869124 16.604871
14.780628 11.779967 6.95523 8.850413
12.844446 6.885032 8.941201 15.930722